A = [2 -4;-1 -1];
A^2
